%YAML:1.0
camera_rotation_wrt_base: !!opencv-matrix
  cols: 3
  data: [-0.0174388587, 0.143384323, 0.989513457, 0.999774933, 0.0144606065, 0.0155243063,
    -0.0120830219, 0.989561439, -0.143604219]
  dt: f
  rows: 3
camera_translation_wrt_base: [0.4444446861743927, -0.017014360055327415, 0.7748289704322815]
object_rotation_wrt_base: !!opencv-matrix
  cols: 3
  data: [-0.850647867, 0.20092386, 0.485826939, 0.5155949, 0.13820073, 0.845613658,
    0.102762327, 0.969809353, -0.22115548]
  dt: f
  rows: 3
object_rotation_wrt_camera: !!opencv-matrix
  cols: 3
  data: [0.5290337223145722, 0.12296178614234596, 0.8396449886104247, -0.012832188594146476,
    0.9904924462891691, -0.13696748261158226, -0.8485037650296863, 0.061685924060400826,
    0.5255817832863211]
  dt: f
  rows: 3
object_translation_wrt_base: [1.1069189310073853, 0.08795380592346191, 0.6782907843589783]
object_translation_wrt_camera: [0.09458798139932086, 0.0009762649183938515, 0.6710158124682031]
template_id: 298
